{
  "cycles": 804,
  "memories": {
    "A": [
      [
        1,
        1,
        3,
        2
      ],
      [
        2,
        2,
        1,
        5
      ],
      [
        1,
        5,
        4,
        1
      ],
      [
        1,
        1,
        2,
        2
      ]
    ],
    "B": [
      [
        5,
        5,
        1,
        5
      ],
      [
        2,
        5,
        4,
        2
      ],
      [
        4,
        5,
        3,
        1
      ],
      [
        2,
        4,
        3,
        3
      ]
    ],
    "C": [
      [
        23,
        33,
        20,
        16
      ],
      [
        28,
        45,
        28,
        30
      ],
      [
        33,
        54,
        36,
        22
      ],
      [
        19,
        28,
        17,
        15
      ]
    ]
  }
}
